rgb(206,231,227) rgb(79,228,201) rgb(133,180,210) rgb(184,189,229)
rgb(212,242,225) rgb(141,165,225) rgb(228,163,251) rgb(250,207,230)
rgb(95,231,197) rgb(156,196,223) rgb(197,168,255) rgb(253,202,241)
rgb(211,244,226) rgb(79,226,177) rgb(129,175,206) rgb(187,189,229)
rgb(253,203,244) rgb(217,233,236) rgb(129,181,207) rgb(33,217,187)
rgb(213,244,234) rgb(98,215,192) rgb(141,186,210) rgb(187,177,232)
rgb(204,234,231) rgb(95,237,194) rgb(116,182,218) rgb(159,168,231)
rgb(202,236,225) rgb(83,217,166) rgb(128,180,212) rgb(185,170,233)
rgb(105,254,219) rgb(255,200,227) rgb(207,172,255) rgb(175,217,169)
rgb(214,244,234) rgb(1,244,90) rgb(71,206,184) rgb(160,180,218)
rgb(213,235,238) rgb(73,211,174) rgb(121,193,215) rgb(140,170,225)